time,x,y,z,phi,theta,psi,x_velocity,y_velocity,z_velocity,phi_velocity,theta_velocity,psi_velocity,rotor_speed1,rotor_speed2,rotor_speed3,rotor_speed4
0.06,8.019991467438211e-08,2.1748672911805584e-07,10.002779909031805,6.282697034642641,6.2830378012045465,0.0,9.592534673072017e-06,-7.604717208996528e-06,0.09265989163980293,-0.03410803941693363,-0.007895089468094932,0.0,434.6036105162809,433.9415423561979,436.2829332152783,433.4263370796896
0.12000000000000001,5.681866222258473e-06,-1.9028362710980945e-05,10.012502339524598,6.280788191586533,6.28267675550415,0.0,0.00022183741179016068,-0.0008466203819570458,0.23140217770222776,-0.027581836049835988,-0.002504152987733865,0.0,448.35460129332904,448.79239777084763,449.2468984367941,449.77530068273313
0.18,2.995831975359188e-05,-0.00012459362778329322,10.029009969424164,6.278706992196968,6.282342658523984,0.0,0.0006107797276027065,-0.002852840187271433,0.3188306177760433,-0.05528954962999899,-0.012535339021491853,0.0,433.53768451718264,432.6942555872191,433.9757448951557,431.6434341912052
0.23999999999999996,9.267966254313022e-05,-0.0004326751370026696,10.05734837123518,6.275271195320114,6.281822505954608,0.0,0.0015629421957831207,-0.007863379018496493,0.6256630745405829,-0.06153397462043829,-0.0018824986258975797,0.0,497.38401993739274,498.16358304465007,499.20741525843766,498.7497532337376
0.3,0.00022049240308468957,-0.0011154481268515384,10.10175997213676,6.271253358626716,6.2815711041179405,0.0,0.0027187939768076245,-0.015357477891533734,0.854576158322815,-0.08096302066548917,-0.009258796532728347,0.0,476.66113699268215,476.09726148461556,477.3532512048818,475.86535596120063
0.36000000000000004,0.0004174173743267059,-0.0022887766834909433,10.155010334304666,6.266474412605701,6.28075450904662,0.0,0.003910001381327596,-0.024219802065439087,0.920378321602301,-0.0771443592588928,-0.02416289276993631,0.0,427.7409519846934,426.4700642208933,426.1113704816305,426.4322524451437
0.4200000000000001,0.0007055018698741383,-0.0040948533685183225,10.212683507655433,6.262221388601972,6.279934031859188,0.0,0.005799803639353165,-0.03642019783365146,1.0019839285762693,-0.06063879741631196,0.0017188797257204746,0.0,431.03960310768645,433.2210914379189,431.04102257378133,432.4293319880887
0.48000000000000015,0.0011300058487651464,-0.006795810578430764,10.278975013901633,6.258554159951764,6.280433900191884,0.0,0.008311287197987925,-0.05403718219481444,1.207528659302848,-0.0621012228835347,0.019052275225301066,0.0,469.5946244986098,470.93701134508507,470.3368066020994,470.2211011176632
0.5400000000000001,0.0016964377113277212,-0.010724894624010677,10.360884457144786,6.254712534366583,6.282231944252734,0.0,0.010364046011291336,-0.0774289875691919,1.5224080643469324,-0.06818540127039369,0.04582282327130146,0.0,501.562924754922,503.50336246583674,501.63160909094375,501.1871499976368
0.6000000000000002,0.0023299167239341843,-0.016134214875199414,10.460712487450605,6.2511337575095265,0.0014192413028100148,0.0,0.010415386267282108,-0.10335962485654816,1.8047754294684522,-0.04649505023821555,0.022426874753738155,0.0,494.44107768266093,492.71516178912896,492.9805143016368,494.5782167404987
0.6600000000000003,0.002922633054621545,-0.02296395460867793,10.570625079168684,6.248556651381552,0.0027782167530157054,0.0,0.00921314799860097,-0.12455048249703649,1.8588810826945952,-0.0366713525475397,0.023091294657674052,0.0,426.42540752576883,426.48221406024794,424.02505845548876,424.86695190149436
0.7200000000000003,0.0034163372686768874,-0.031116495120965693,10.683884563734159,6.245915785608302,0.004388713628417307,0.0,0.00709964857178812,-0.14742279985376064,1.9163303120750197,-0.0657319904548124,0.0334474852579321,0.0,426.0828625405883,426.967459082052,428.2281389263042,425.74765412815896
0.7800000000000004,0.003749013164845793,-0.04070546367849185,10.800760551342385,6.24204565648844,0.006554804703806205,0.0,0.003788055101521754,-0.1725827970255437,1.9794108627553912,-0.06215052410748016,0.040940548291098125,0.0,427.19033569778713,427.8293975841674,429.9986210397591,430.29868726623084
0.8400000000000004,0.003837173965480357,-0.05189122699764396,10.921707983671997,6.238299786274162,0.008806208277698957,0.0,-0.001080244167864311,-0.20063713714600118,2.0520224615448277,-0.0629981870114388,0.029623623916288276,0.0,433.175237293819,432.2232700972052,431.72259571049267,431.64813157219146
0.9000000000000005,0.0035540823597969354,-0.06501754455065702,11.051030648127071,6.23506784214036,0.01066102387889245,0.0,-0.008566709558771528,-0.23729734990039542,2.2583237037993706,-0.04001051655151773,0.03337576501557787,0.0,473.2918809478895,473.58081926768085,472.9580070428321,474.72320140438705
0.9600000000000005,0.002792410662487268,-0.08034396957004784,11.191262815520098,6.232945280934718,0.012966016853867224,0.0,-0.017058671816819606,-0.27381727191012706,2.415743011624124,-0.027428198295446068,0.046958496123140916,0.0,458.9502395249145,460.02764155953236,459.7887504857265,460.7839332116094
1.0200000000000005,0.0015150228061057984,-0.09772462504383803,11.337342212943959,6.231386227352424,0.01584657227196473,0.0,-0.025784515681303206,-0.30568363226196243,2.45347429332482,-0.02324266927605325,0.050031396328256685,0.0,422.7526633788602,423.01888477324826,422.53015879625787,422.89066264321474
1.0800000000000005,-0.0003994814582647433,-0.1172322338854815,11.489256153476862,6.229996990600126,0.018942597050057408,0.0,-0.03836357610237567,-0.34470706019804,2.6099598781402435,-0.022977106596369708,0.05456598987963136,0.0,459.88776174880667,460.2483966404992,460.95779691013456,460.97875629516824
1.1400000000000006,-0.00308983329792869,-0.13897765913656915,11.648043567458755,6.229091300859167,0.02191801181513675,0.0,-0.051620433863205986,-0.3802418132737787,2.682767784066536,-0.00274286364840199,0.03710082114510245,0.0,435.66614545314843,434.2049630132427,434.6610814228604,436.3535498066693
1.2000000000000006,-0.006588484437197558,-0.16276583281570986,11.809281375644417,6.229020182899507,0.0245365945173166,0.0,-0.06521762135964482,-0.4127090031510649,2.691793949629246,0.0017610196550576149,0.05426815655517865,0.0,413.9936664673982,415.5026318497619,414.4028955131295,414.798632434399
1.2600000000000007,-0.011044870083580625,-0.18870064159309674,11.974702814941917,6.228924975692173,0.027343263973724774,0.0,-0.08365160476572295,-0.4517687538194221,2.8219261585394495,-0.009303056089803927,0.024338087736895248,0.0,454.20079113302853,451.7952063442957,454.8256465988178,453.93870878106634
1.3200000000000007,-0.016683795526599182,-0.21702978251752053,12.148765337803448,6.228290407466783,0.02887942223801865,0.0,-0.10446732397972565,-0.4925830617747929,2.97974275259174,-0.013252271331210696,0.028018532203273223,0.0,461.82216454413253,462.11246380826316,463.8164272404149,463.5062942364888
1.3800000000000008,-0.023787722945798968,-0.24816449291622286,12.338479478434104,6.227381486501482,0.030408766576702995,0.0,-0.132528297017914,-0.5453086075077764,3.3430452931050962,-0.0192401728207034,0.019878662857444093,0.0,522.2944283099998,521.7264327339975,522.1053044688279,521.687509854625
1.4400000000000008,-0.032367982862735276,-0.282037123162273,12.541888188837062,6.225982737429064,0.03142803327976118,0.0,-0.1535844180621085,-0.5838943320960976,3.4369455337834807,-0.0330438589169107,0.010468421411690122,0.0,446.6206313059607,445.8523583264431,446.70209333406893,445.5749187548684
1.5000000000000009,-0.042421730984762346,-0.3186046613759201,12.756951727174515,6.223752711296736,0.032584432767508886,0.0,-0.18163352545008843,-0.635246935945804,3.730889329479267,-0.047045008936554236,0.03274638546675209,0.0,504.56760609216474,506.1733411747582,506.33736846942793,505.32857805264734
1.560000000000001,-0.05390472577645596,-0.35778799649113513,12.980829858098478,6.2205516060335615,0.03533472193901499,0.0,-0.20134599120933697,-0.6711258508806808,3.73167541586523,-0.07057139966813297,0.06391820207824704,0.0,417.2267467797539,419.9408801093566,420.05433789964655,418.00674589772495
1.620000000000001,-0.0667408665838941,-0.39939074864127017,13.207974809717516,6.2163388047448045,0.03900073239204804,0.0,-0.2269001522684826,-0.7160469289668646,3.8394032188552303,-0.06950708230023701,0.054769338179735796,0.0,453.5643858200522,452.8315496011862,453.28722168500326,453.36909271912884
1.680000000000001,-0.0810439989926494,-0.4435364271271192,13.438024972354118,6.212573896809033,0.04198301597677645,0.0,-0.2501432637401077,-0.7558182299210117,3.8289171644572995,-0.05183838820151191,0.0369265879165129,0.0,417.23683920457336,415.6777085511348,414.8987247530287,416.4439445130082
1.740000000000001,-0.09694730165322933,-0.49039343192939616,13.671116470046213,6.209746614388845,0.04473663103682668,0.0,-0.280212876957557,-0.8063647641866926,3.940363183697577,-0.03905248043545171,0.05955571564687884,0.0,454.48990561722354,456.30122329789185,454.75333159508983,455.7751047297208
1.8000000000000012,-0.11463643937164018,-0.5402095695237996,13.909109742318345,6.207219159726014,0.048038996038791915,0.0,-0.30974531689281626,-0.8543943066992673,3.9925079785879367,-0.04910856326104535,0.043992422120894145,0.0,438.496809907687,437.20396236426575,437.8262721866537,436.9877270347675
1.8600000000000012,-0.13416431657026195,-0.5929676977634459,14.150349387064592,6.205179537675889,0.05019812051151451,0.0,-0.3414124844429047,-0.9044281527662913,4.048560076687784,-0.014026102339440136,0.01078810351768434,0.0,440.592780801813,437.8392461979237,438.1102679755156,441.01702449278343
1.9200000000000013,-0.15559748286143907,-0.6487159493451704,14.394354895171933,6.2046508801998606,0.051246399644529816,0.0,-0.3731012888839853,-0.9539070665674998,4.084795404681453,-1.622867399243052e-05,0.02828570876955377,0.0,433.12591078050013,434.59508185124866,432.62557683007674,433.80380454863365
1.9800000000000013,-0.17906722308429782,-0.7076112054924097,14.642678274173521,6.204239320485534,0.05362484745690477,0.0,-0.40942051970095883,-1.009261697367511,4.192221075198778,-0.02630497916387947,0.055962969988354754,0.0,455.40966719707734,457.6189878200826,457.2228275593046,455.1234932727027
2.0400000000000014,-0.20471747008731497,-0.769765106862539,14.89644256533102,6.202715868007729,0.057193407290200504,0.0,-0.44591397787780407,-1.0626724776931464,4.266250594314218,-0.023622850949538865,0.06570787115046339,0.0,445.6432000351134,446.4415588349722,447.6222362601861,447.84036190614415
2.1000000000000014,-0.23258688298169455,-0.83509333045361,15.153880515551645,6.201736610554789,0.06154687899511835,0.0,-0.48345043089945544,-1.1150385141624197,4.314766131103372,-0.004701443379441903,0.08358736228237364,0.0,438.5912867240032,440.07793475434966,438.9253123853875,440.4930198188391
2.1600000000000015,-0.2627804671782609,-0.9035609413758087,15.413977011261917,6.201417323784643,0.06605134370399135,0.0,-0.5234473889724061,-1.1672403523059258,4.354899601818354,-0.0065912705600559,0.04675929037981872,0.0,439.0254113401824,435.962797947453,437.31690455067434,437.1595370223114
2.2200000000000015,-0.29569118437253394,-0.9754637094677242,15.680060566100648,6.201034736126056,0.0685607344014354,0.0,-0.5738328540160574,-1.2295214484650483,4.513868253375858,-0.005950248381553591,0.029460226187287573,0.0,474.34403330440733,473.01437672792895,475.2319128083029,475.281156844946
2.2800000000000016,-0.3316406641194844,-1.0510696146380176,15.955131326887548,6.200755045686849,0.06977077308532742,0.0,-0.6246233932063507,-1.290675171515518,4.654532822236869,-0.0022010248498461754,-0.014581358818725606,0.0,471.9998280734377,468.58825482633,470.33701212236616,470.62740887826556
2.3400000000000016,-0.3707084972380654,-1.1304182298372665,16.239423625784443,6.200325375582999,0.06888962430170498,0.0,-0.677493355721667,-1.3542647521155051,4.82114478117759,-0.01960631087614531,-0.014895537548105586,0.0,479.2457822537627,479.2220233426083,480.0464073228518,478.7238006513776
2.4000000000000017,-0.41249376754872497,-1.2130735519215046,16.527401761125663,6.199943447000223,0.06811926598922824,0.0,-0.715298575934037,-1.4010001139583181,4.7782781382176385,0.011863464534139171,-0.009015103483160333,0.0,414.4657120710204,414.98239829957055,413.69771028851454,416.4599267194158
2.4600000000000017,-0.45668237360446273,-1.2987151596065052,16.814936148861626,6.201146353608351,0.06731887147194016,0.0,-0.7575921964049369,-1.453640079523868,4.806066880400685,0.03277370544795234,-0.023814360911000736,0.0,438.7878717950635,437.55747987848815,436.71958495078405,438.46047245179494
2.520000000000002,-0.5036024414130111,-1.3877490966854866,17.107258856230278,6.203285431352576,0.06598039264879851,0.0,-0.8062306023942972,-1.5139164615436176,4.937457353801817,0.0408603496962831,-0.0194539565354163,0.0,471.03303543183387,471.37016722012174,469.0050001978501,469.63321234903526
2.580000000000002,-0.5532286801119906,-1.4801329779701469,17.404655620027402,6.205339950489986,0.06432528598787712,0.0,-0.8478516693477984,-1.5653453816888288,4.975606750032356,0.015757086317033063,-0.053506382683323916,0.0,444.35446367446565,441.5532968815427,443.42542948098213,441.3585619474431
2.640000000000002,-0.6055503468718866,-1.5758601476900183,17.708012950679855,6.206239180573263,0.060743857547645774,0.0,-0.8957958165530282,-1.62542706381187,5.135592945551163,0.013401130632810178,-0.07643153216780293,0.0,481.1744000942973,479.4331102237574,480.129656316581,479.9507346727977
2.700000000000002,-0.6601583873549028,-1.6745301774787138,18.01255615647444,6.206706512896904,0.05570392617360298,0.0,-0.9241881602959547,-1.6635953511857091,5.016406628994746,-0.006855411507643671,-0.10681012425895603,0.0,393.6828098503256,390.85386195497244,391.78034496828195,389.8919441687828
2.760000000000002,-0.7167021651772898,-1.775918077054167,18.315515436499744,6.206924489673977,0.049756556108473404,0.0,-0.9600075975369465,-1.7160085827188887,5.081961043171001,0.019027783277760026,-0.0870219024730735,0.0,451.49608558802856,453.08153533637176,450.5567620838901,452.6448271908564
2.820000000000002,-0.7751731739880903,-1.8802720024543451,18.62012903520906,6.209053482367683,0.04445575705629956,0.0,-0.9885926581369068,-1.7623409917556858,5.071908257231096,0.056615613983196394,-0.09113523418050878,0.0,428.6956853748872,428.3391512294701,426.5964619332286,429.79512426747755
2.880000000000002,-0.8352602940574648,-1.9873530457194024,18.92391986324012,6.212528415774688,0.03953815132437555,0.0,-1.0138951093370174,-1.8067804948381438,5.05459031696782,0.0603953212703648,-0.068057888235305,0.0,425.0978178334481,427.06503951927084,425.26619576726154,425.59236464539487
2.940000000000002,-0.897035142199102,-2.0974931288961165,19.233030034844237,6.216011587500891,0.035436014973001306,0.0,-1.044772536346308,-1.8641205657123503,5.248255083872465,0.05290211654945361,-0.06899808928386544,0.0,490.2469912351493,490.1740720583312,490.50011016807736,489.94522616792005
3.000000000000002,-0.9604803769268863,-2.2108309897964658,19.55122663723332,6.219778798964626,0.03099701406199795,0.0,-1.069625199654049,-1.9134496728351689,5.357841868138302,0.07750487792155705,-0.08649980607567928,0.0,467.2980563508723,465.9274349173231,466.7842916464427,468.70308999910185
3.0600000000000023,-1.0252487451766212,-2.326898554168634,19.87354246836331,6.224189676526024,0.02599764139389471,0.0,-1.0888689866614536,-1.955090350715897,5.385965749705775,0.06402486858381451,-0.07762867673568741,0.0,442.60058279666924,443.32449573243,443.48416303005433,442.3795404641766
3.1200000000000023,-1.0911479311708208,-2.445536648180527,20.2000006878898,6.228207601580079,0.022683767823036938,0.0,-1.1073794358009124,-1.9991172136956563,5.495512179580308,0.07227638357966862,-0.029640949058139788,0.0,466.76264789207175,470.49068132715996,467.39588847718727,468.0417192932553
3.1800000000000024,-1.157987547612551,-2.5664672782731537,20.528034020977962,6.23242134888968,0.020498594003462323,0.0,-1.1204725238453446,-2.031624043808945,5.439264447217043,0.06578585183137478,-0.055578960257873324,0.0,416.98522756344073,414.7118111076882,417.5067102653456,416.9440267413408
3.2400000000000024,-1.2256284099957602,-2.689423792229996,20.855360464364807,6.236286810703817,0.017028132255733297,0.0,-1.1339206836802442,-2.0666007802003086,5.471525830235012,0.06155346300292556,-0.06279734255867925,0.0,444.14917461490114,443.55432204325336,445.65352757233006,445.3104130522191
3.3000000000000025,-1.2940053115918475,-2.814393869052535,21.184156138561647,6.239934100126845,0.013617065762306702,0.0,-1.1450013343596857,-2.098775767530401,5.488312473693372,0.05921257945250856,-0.0470337904340721,0.0,438.9445214352349,440.2486496133879,440.3990506412779,440.2080156673794
3.3600000000000025,-1.3630418475589947,-2.9414022050011055,21.517866190164614,6.24390362024301,0.011109913245028302,0.0,-1.155929695402545,-2.134432935020088,5.6346980567211125,0.07731439908424236,-0.03294643281518847,0.0,478.867920689789,479.9376499002305,479.003895392929,480.38153963510734
3.4200000000000026,-1.4326217982480962,-3.070245414939732,21.854611084123345,6.2484030227694145,0.008866794119985144,0.0,-1.1632448485413827,-2.1600236615834687,5.590421152462724,0.06988410192836127,-0.04819933033093766,0.0,421.7033050423973,420.38261568399815,422.3314798525664,421.6947064975687
3.4800000000000026,-1.5026022804019155,-3.2005561532149285,22.18858602106004,6.252227896802108,0.006039239053114542,0.0,-1.1692212624543155,-2.1833910271948045,5.542381028401435,0.047191079108496466,-0.04506181441652916,0.0,419.56878728648155,419.83967552683896,420.5483694520023,418.5808425441531
3.5400000000000027,-1.5729243180043297,-3.332362702838418,22.524433426330493,6.255305863670294,0.002986418987975803,0.0,-1.174559716676986,-2.209871518059304,5.652044781495398,0.05845602130643369,-0.06625518934533346,0.0,469.49945539827195,467.8503370938158,468.5062060886935,469.38290275744674
3.6000000000000028,-1.6434883873310036,-3.4655596610884647,22.861785098941233,6.258763290837832,6.282126596994222,0.0,-1.1772736816827314,-2.2297973786870005,5.593370739548203,0.055905839385021215,-0.06985270663177202,0.0,417.3134894783203,416.9955457543345,415.92319085610467,415.70227743665873
3.660000000000003,-1.7141552367003168,-3.59987263956838,23.194278265204147,6.261999880122685,6.277881858842633,0.0,-1.1779947020268864,-2.247110158061599,5.4903056082614485,0.04969829094963875,-0.07259308349342435,0.0,400.18437569020824,399.93035684024494,401.08416592107216,400.5221376947555
3.720000000000003,-1.7847887069050377,-3.73524084097189,23.52332612714841,6.265290989120006,6.273178006514435,0.0,-1.1760810214471762,-2.2649270180593972,5.478079358787534,0.06355514486096543,-0.09371584950652297,0.0,431.30294854720813,429.5095715644963,428.68593609496463,429.8640926959886
3.780000000000003,-1.855141788012272,-3.8717536085584316,23.85911705671398,6.268657338080654,6.2673206297212865,0.0,-1.1683488390155716,-2.285065436835421,5.713874676646099,0.03387232689610837,-0.10687295487910344,0.0,504.4335928487534,503.47542417434147,505.21648043482134,503.07306128526693
3.840000000000003,-1.9249570493060482,-4.0093474342928115,24.20496586867763,6.270827213553689,6.262234354077341,0.0,-1.1582792608604535,-2.3011983907272677,5.8139680156256635,0.04039374226658032,-0.05938389609873347,0.0,465.31844476483997,469.0152951367869,466.5228586671459,467.03238478490454
3.900000000000003,-1.9941071634192826,-4.147849623223219,24.5552775394312,6.27316870918167,6.258960176796233,0.0,-1.1464121905613167,-2.3153385399482542,5.862884193640289,0.0361370121074997,-0.04635837044113622,0.0,451.06797846731604,452.11686073019945,453.14301850146535,452.8013622883004
3.960000000000003,-2.062507705362228,-4.28715195240886,24.907660756640272,6.276116780358144,6.256675352744004,0.0,-1.1333833135195355,-2.3278593788812016,5.883163815973332,0.06712223339205713,-0.02524340769622032,0.0,443.2564189719379,444.9877918990009,442.0890510311952,444.63666730823144
4.020000000000002,-2.1300247011723266,-4.427167199124709,25.263638893535944,6.280061535069093,6.255124134116333,0.0,-1.117036980030686,-2.338938376972446,5.9823195603195645,0.0628419887596063,-0.027102762262795115,0.0,468.04151719243373,467.89666796701977,468.44455847683446,468.1144981158759
4.080000000000001,-2.196649511907806,-4.567761349386946,25.621281506424985,0.0016692786979923824,6.25316509678645,0.0,-1.103637398108764,-2.3472102447515484,5.939388909936997,0.10149991108682799,-0.04706398067101014,0.0,424.4564263646367,422.73895295897285,423.52477449858947,426.84236752712826
4.14,-2.2624751192653,-4.70877858614874,25.97501674751876,0.007780810208925182,6.249983459057418,0.0,-1.0903132685850394,-2.352948799110202,5.852323920214654,0.10256668780122496,-0.06893397796577516,0.0,409.28961501008683,407.3357839474342,409.33981279786565,409.44471506157583
4.199999999999998,-2.3273620842840828,-4.850032409916578,26.326137223178847,0.014296633277482762,6.246419750741239,0.0,-1.0722527491032976,-2.3549956271485533,5.851786240959364,0.11852603393031139,-0.045070260375482424,0.0,434.63276747200325,436.6258418138428,436.502814799345,437.8433330391291
4.259999999999997,-2.3910917351960115,-4.991293124448118,26.67762178064605,0.02126757282831271,6.243537213326562,0.0,-1.0518172723383552,-2.3531060234162626,5.864393489493991,0.1110315467289081,-0.054767874633755896,0.0,440.9575703375642,440.15412394621313,440.5661775466799,439.9581575452795
4.319999999999996,-2.4534967204346407,-5.1322985649768205,27.03096858336433,0.028209502593825597,6.240588614022869,0.0,-1.0280600056839018,-2.3464698099780144,5.913667662894818,0.12369018682622175,-0.039771727178889694,0.0,451.63234253993403,452.83895742144523,451.03968348574597,452.0726838714732
4.379999999999995,-2.5142529721963127,-5.27266143228831,27.39119400082419,0.03581126715801464,6.238299855401433,0.0,-0.9969127754799905,-2.3314986868461607,6.093005929345036,0.13211115481963195,-0.035078757333285894,0.0,489.77022519533705,490.1186391150123,491.6803061838472,492.31676983370085
4.439999999999993,-2.5733672587357512,-5.412186304186396,27.756002704321894,0.043601696349315766,6.236062306510432,0.0,-0.9733652508581833,-2.318700247858529,6.067505565411356,0.12486696689124335,-0.042133549135906966,0.0,430.0074358761502,429.408549866745,430.97881089901375,430.38196535138576
4.499999999999992,-2.630832021883595,-5.550632172277982,28.123416122015758,0.05196510401884069,6.2342407270225575,0.0,-0.9419235963562702,-2.2953838749680338,6.1791018932500945,0.15881007785867585,-0.013600145809926502,0.0,471.0999185427642,473.30105650841716,471.38379277625,474.0159690519932
4.559999999999991,-2.686599772905406,-5.687748328754454,28.49296734526108,0.061067117718791586,6.233477337918078,0.0,-0.9169096396424533,-2.2744098323347237,6.1395685984830735,0.13110875908991568,-0.01102448283141302,0.0,426.34082669062167,426.5609969064798,427.09279648825185,424.74526743310224
4.6199999999999894,-2.740788123699774,-5.823387224335842,28.861424032392062,0.06863538994993945,6.232384454953447,0.0,-0.8892822498074804,-2.2462236826527295,6.142366519615998,0.11367525827979288,-0.039217039848587966,0.0,440.6718390841728,438.3346630770218,439.89950147591236,438.46774074072596
4.679999999999988,-2.7931284533315917,-5.956985055719282,29.2332182095376,0.07505280062048403,6.229732190552085,0.0,-0.855157240934008,-2.2063926594001466,6.250246615055486,0.08807130469835008,-0.05673207708407093,0.0,471.692170319803,470.3362995001979,473.4645115147574,471.49916478357
4.739999999999987,-2.8435341001250043,-6.088309459635282,29.608276883541777,0.08046725319971593,6.226237779052772,0.0,-0.8247208933924506,-2.170613005915646,6.25173004627256,0.09425812093257603,-0.06143977309127789,0.0,440.78729656478055,440.3956020423156,439.07128304787665,439.59126740028876
4.799999999999986,-2.892048064764618,-6.2173869753803235,29.98345022061933,0.08585756013476242,6.222022807996794,0.0,-0.7920677890934444,-2.1314771287373033,6.254058167733467,0.07908856265547357,-0.10069653091910448,0.0,441.4651588027787,438.20874594851796,441.1704838542859,439.9226497986303
4.859999999999984,-2.938263857060514,-6.343667533255232,30.362834309827896,0.09021997300711693,6.215932093893436,0.0,-0.7478468260275497,-2.077426815919587,6.391344994804137,0.05519416377889602,-0.10319325057179127,0.0,481.2274421696595,481.03031781473106,482.7988717600849,480.99585849960516
4.919999999999983,-2.9819869909456207,-6.467002329447043,30.746163222171464,0.09362295514334473,6.209794004293009,0.0,-0.7090507763704675,-2.033414546167593,6.386302112900782,0.0595979606616109,-0.10057646853371528,0.0,440.40938618106134,440.61663565441006,438.0444607554373,438.41284009621126
4.979999999999982,-3.023050617365029,-6.587347843888828,31.13216927869337,0.096603761117243,6.203323842432649,0.0,-0.6591422667661924,-1.9777687505307295,6.480032317277899,0.00514307629121586,-0.12913486015105743,0.0,470.85662106783144,468.6315486097611,472.4650981320967,468.2480655905517
5.0399999999999805,-3.0613896531499463,-6.704786319195479,31.518780208826897,0.09702650339247398,6.1956797330904525,0.0,-0.6182033092766878,-1.9367379522972923,6.407345207659892,0.010602674436323983,-0.12414658165677592,0.0,418.15581281185524,418.57430409057093,417.8089665227315,418.28470289366186
